epoch:0 0.3059  0.6542  0.2188  0.1350  0.2584  0.3270  0.3148  0.4513  0.4593  0.2357  0.3870  0.4794  1.2177  0.004000
epoch:1 0.3685  0.7284  0.3276  0.2203  0.2991  0.3978  0.3692  0.5177  0.5239  0.3262  0.4536  0.5483  0.6697  0.004000
epoch:2 0.3833  0.7419  0.3489  0.1891  0.3014  0.4148  0.3781  0.5455  0.5498  0.3059  0.4835  0.5733  0.5576  0.004000
epoch:3 0.4225  0.7502  0.4425  0.2147  0.3034  0.4621  0.4033  0.5845  0.5907  0.4253  0.5191  0.6143  0.4867  0.004000
epoch:4 0.4507  0.7803  0.4745  0.2457  0.3385  0.4900  0.4213  0.5796  0.5846  0.3931  0.4961  0.6117  0.4416  0.004000
epoch:5 0.5004  0.8049  0.5583  0.2296  0.3844  0.5427  0.4576  0.6299  0.6337  0.4099  0.5444  0.6651  0.3758  0.000400
epoch:6 0.5097  0.8094  0.5622  0.2513  0.3854  0.5529  0.4626  0.6315  0.6346  0.3981  0.5277  0.6687  0.3568  0.000400
epoch:7 0.5089  0.8118  0.5555  0.2501  0.3787  0.5526  0.4589  0.6268  0.6308  0.3888  0.5268  0.6667  0.3434  0.000400
epoch:8 0.5119  0.8145  0.5610  0.2351  0.3837  0.5574  0.4634  0.6289  0.6326  0.3835  0.5259  0.6697  0.3375  0.000400
epoch:9 0.5126  0.8141  0.5629  0.2439  0.3815  0.5583  0.4615  0.6320  0.6350  0.4047  0.5254  0.6722  0.3334  0.000400
