epoch:0 0.2977  0.5747  0.2665  0.0833  0.1796  0.3501  0.3061  0.4259  0.4317  0.1833  0.3404  0.4633  1.2177  0.004000
epoch:1 0.3324  0.6193  0.3230  0.0877  0.2067  0.3863  0.3345  0.4641  0.4683  0.1749  0.3926  0.5002  0.6697  0.004000
epoch:2 0.3730  0.6541  0.3830  0.1533  0.2150  0.4377  0.3682  0.5202  0.5231  0.2743  0.4274  0.5547  0.5576  0.004000
epoch:3 0.3855  0.6585  0.3964  0.1420  0.2224  0.4565  0.3748  0.5303  0.5342  0.3035  0.4453  0.5662  0.4867  0.004000
epoch:4 0.4139  0.6890  0.4439  0.1355  0.2569  0.4825  0.3895  0.5249  0.5279  0.2824  0.4228  0.5651  0.4416  0.004000
epoch:5 0.4345  0.7030  0.4705  0.1318  0.2667  0.5050  0.4068  0.5482  0.5508  0.2885  0.4435  0.5910  0.3758  0.000400
epoch:6 0.4384  0.7009  0.4761  0.1383  0.2672  0.5108  0.4069  0.5473  0.5494  0.2520  0.4247  0.5935  0.3568  0.000400
epoch:7 0.4415  0.7108  0.4780  0.1341  0.2683  0.5116  0.4083  0.5467  0.5491  0.2530  0.4293  0.5935  0.3434  0.000400
epoch:8 0.4444  0.7132  0.4841  0.1255  0.2697  0.5153  0.4102  0.5471  0.5494  0.2596  0.4255  0.5941  0.3375  0.000400
epoch:9 0.4419  0.7096  0.4842  0.1253  0.2682  0.5140  0.4083  0.5489  0.5509  0.2793  0.4315  0.5945  0.3334  0.000400
